3.9922001458217995 -0.033716687114635005
4.202808349535261 0.5284920931359707
8.186509123159917 -0.18226044897941593
-3.9065829429241354 0.6116207835649365
-4.70027022036763 -0.01938422045246846
-4.411289659030166 0.34762741138138165
-3.9192918555656657 -0.9095260860512433
8.426418952175936 -0.000272035859756363
-4.517533476615052 0.6940209519158547
-3.9849580036056826 -0.1934937737256425
-3.5086024030978358 -0.6316357932751177
-3.9265702888359426 0.13433381639327727
-4.611581748800164 0.5909865123795452
-4.090276274859846 -0.7362378793709574
-5.168521560124145 0.953731935759318
4.2607708949785374 -0.08859016573223337
7.270643240958434 -0.40009147457958816
-4.034736653145951 0.17917482756333214
-4.078709740234641 -0.8465408172359046
-3.818114269470422 0.49827537238466646
-3.929844342610921 -0.10726357060388135
-3.749863636480992 0.0473976418430815
-4.6648230042713275 0.10880172117205206
-4.874729931695601 -0.5411365546527263
-4.47314256596237 0.48353073845981825
-3.3500074582294164 -0.44537124268056855
8.001848877680278 -0.18848943089956485
-4.1700950795822775 0.07335655075299778
-4.1262194495682225 -0.8290600263130626
-4.238378583045354 0.19223614938219583
-5.312643657389521 0.7029117977843027
-4.383358247439585 0.7951689739599886
-3.643321248606953 0.06198898421352311
-0.3170676275745461 0.4866013265621968
-3.990009759107391 -0.3147415282028466
-3.795680326987895 0.08337538302951811
8.489847536086412 -0.3098464038677168
-4.407053171901438 -0.4376582598607809
-4.263254315041698 0.36809706558932526
-3.925414063458809 0.7626595249285865
-3.2463843197311206 0.47830081182054063
-3.695197927200815 0.38247420625644357
-3.6221836188742884 -0.21425955672399505
-3.5798189189871157 0.1475714792554494
-2.8504154108583757 -0.7986012487486052
-4.551214655151236 0.5518454276741526
7.975682991476236 -0.3328554311475929
-3.996361487778593 -0.12890678259337213
-3.963373109416524 -0.2346078066107913
3.752481593901829 0.11697290783114818
8.666804109361435 -0.10153249864074972
7.789038006673641 0.20763998998747346
-4.36111588565106 0.86207447155382
-3.642468199849863 -0.4390884130993242
-4.29763119029609 -0.36500822129880406
7.43972313680723 0.12661065709934174
-3.868121903151778 -0.16325017449477497
-3.817844657253585 -0.2783357413236221
-4.251857842852028 0.46390565757674285
-0.2531296774634746 0.8466529327876144
8.8446015203991 0.6010873472544235
-3.7896325848571144 0.39704343135666964
0.5809510778379631 -0.5873992995290777
-3.8231315133607833 -0.16376941157493774
-3.2411333812538206 0.12586640690088866
-4.248628761157696 0.4002918890942128
3.5527612164748428 -0.4455108486012802
-4.379598211943999 1.24749650898062
-0.199534697805482 0.7182568526233237
-4.713788724164248 1.129261723836754
-3.7888790167711233 0.18174752694305588
0.03978159786300642 0.1850183555783915
-3.689887177949614 0.20246617208394327
-3.29523394258324 -0.5495180467038114
-0.16554745012831035 0.2559583543547381
-4.542958993494298 -0.21933437920851656
4.184842793423271 -0.4945276787355509
-4.210751956034748 -0.51920829662361
3.886324627353544 -0.4621949604645714
-4.082581216238239 -0.09754010843004474
-4.292620010190964 0.8527183098439167
-3.524053596969769 -0.6755956504711812
-4.008734300018151 -0.43224870846397057
-4.540282716348187 0.9157183677322838
-3.7234176148972224 -0.2990557177966213
-4.073839805277802 -0.40089576861818077
-3.7163938724946006 -0.49908524243522573
-2.912986271222363 0.41530454804089045
8.425489028013935 -0.08990867123085551
-4.172624917148699 0.17885209787981776
-4.308534837516125 -0.7914224588762622
-3.3222259349298646 -0.644712351660578
3.667424511813483 0.7933722367041709
-3.7461280962281935 -0.07752819425175575
-4.838796393234044 0.6971673954455044
-3.925460944236846 -0.6575908793584828
-3.6481781238890534 -0.24521293172401637
-0.3284410147621334 0.16739173002460483
-4.347519562037584 0.3202690799671497
-4.33634134191942 0.0876143825551606
-0.5462215513512013 0.7305947624551369
8.334874359170106 -0.0859876959352155
-3.0232687284089166 0.1909602603192036
-4.640354052924817 0.9976948570976273
4.137811328959731 -0.42479826084108613
0.3395291996411098 0.041810296042532114
-3.393270962416405 -0.4606764586251033
0.6233690493387397 -0.6125077572003906
8.677121698834386 0.015243523241123798
-3.8806461578693536 -0.7580199948951016
-3.324909988340452 -1.0920828984858073
8.15778159353401 -0.13265081578376517
-4.716221349503014 0.024112024947806288
4.111672496645177 -0.6253651402048173
-3.2089220973625237 -0.02087926623937497
-4.1220180173020315 -0.7672901980634845
-4.0858311447550735 -0.20801453697876235
-0.2413567129738219 0.5809254823287533
-3.8998568562657563 0.5050064540457202
-4.698080216958525 0.525958244001279
-5.130332803907937 0.5369813458038245
-3.4938213972215593 -1.1367500707648712
-4.836509366767451 -0.70633161061265
-3.6182669890277728 -0.4058122902795556
-3.806977871897905 -0.21338196534167975
-3.364589879258859 -0.06877005954100157
8.387027536136328 -0.07797780109188335
-4.72129644742822 -0.045705330029421065
7.610396259977781 -0.5097699078038881
-4.10472678174669 -0.6547674796832466
3.8614998293444596 0.4004948491777195
-5.127899415217769 0.8093991086380459
-3.6507346135790795 -0.001788278593586795
4.428882110685885 0.6484368267256628
-0.27852266741428533 -0.291781038315733
3.8555557056198526 -0.03680570011717497
-4.411992083880971 -0.30935354017407607
-3.620695660981552 0.10016067898666131
7.302462640254728 -0.3498677384895527
-4.264724439088688 0.4654554729987418
-4.164307147772679 0.42925444570436033
-4.086335987135052 0.0427420321384835
3.3663003888223297 -0.11904900932420881
7.711813527411572 0.19574580917495477
-4.1605735345396315 -0.5282963275828172
0.23179158366112146 0.10040249360898229
-3.861342692655801 0.9282395492439846
-4.799511657411895 0.25818763800707173
-3.476340270196476 -1.022643351083328
-3.754200873209259 0.2983892483678613
-3.800264668350631 0.9505705934514117
-4.612034599727125 -0.42463105821870495
-3.6459377162700575 -0.13836997018634556
-0.03819512632394125 0.01811948492202952
-3.5340011193150924 -0.9028584270224294
-4.384835717920402 0.8580214370835174
6.68103828485623 0.3995294692645322
7.958161313305495 0.3613471149754602
3.5599414833807996 -0.7796005871738613
-2.4150123810811324 -1.5555806896763658
-3.491351527049824 -1.1839474324073533
-4.029033732933393 -0.0852727288246313
-4.511319172468492 -0.31884849462545095
3.606975319708761 -0.4306898082074147
0.18371173904464402 -0.6533333921484387
-4.052523523067976 -0.6666924492900522
8.867899281823481 -0.04363688870049446
-4.168503918733705 0.8924837969810393
4.547383581718105 0.10060684463233853
4.036032934285037 0.1735160783193567
-5.020617139924131 0.6046240463144548
-3.9581340072739657 -0.7960124971382965
-4.019117551920541 0.777310895564961
-0.3040999742678421 0.5971946028873298
-4.939007805273558 0.2984562625196564
-4.462549522995767 -1.0916448087226587
-0.8846449739469959 0.011988707737062898
-4.370129682005363 -0.4350875017803718
-3.559473543519117 0.01601110051112295
-4.136216983744571 0.42647678841949244
-4.019049015406413 -0.08794858934485106
8.204417092322911 -0.10239217904239446
-3.110853168988648 -0.877143868808637
-4.915637037332506 -0.23165406162391458
-0.38553115156090056 0.6568287613484651
-3.8943553192317824 -0.14832552283073336
-4.266010252250703 0.4340765469291867
-3.5203895287330202 0.3691454889818407
4.107028033786029 -0.681002245439446
-4.702391578561073 -0.31403967273076816
-4.353258396194758 0.04115666173106344
8.813780544107182 -0.29715549211822045
-0.4133994516988272 0.4811824182315454
-3.6011555639144874 0.15174152154648934
4.002159145756032 -0.37289936941541607
-4.231829261553601 -0.013947855207032553
-3.817619976002047 -1.8689829242234877
-3.8044795561470486 -0.25445800832841836
3.577550959569604 0.5781614034441697
0.687007542424028 -0.5325631487064973
-3.294622999838947 -0.4587991170145331
-3.603405340152901 -0.10833652624732623
3.6038708257896217 -0.775360292251568
8.014489892131747 0.0354902637396836
-3.90585874713056 -0.3520511580853554
-4.493588546762135 -0.06908055312709199
3.445310339220531 -0.2421667355169283
-4.085984258686722 -0.011525983034616626
-3.9708891824519794 -0.23565837719828223
-3.9622829630426635 0.04478187185537156
0.23258470244247798 -0.9901232645097543
-3.7597547692758564 0.2648598132971688
-0.024323463109268514 -0.2012002281010018
-0.02201712953856963 -0.29822639168337217
-3.6444305187022255 -0.18822909592752518
-0.7766797786298241 0.7402345578111353
-4.022375140235627 -0.8966952150087351
-4.226853357058674 0.6667632533254608
-4.069022408523109 -0.2780111914820242
9.208074824645294 0.37273342869162823
-4.526234623361043 0.4595836864195649
-4.142225060957208 -0.03803927891046394
-3.463340009133816 0.21594291628563186
-3.9099136286670095 -0.27868122328224376
-4.359413868717581 0.11078715293802532
-4.2632268264436854 -0.4732550092742617
-4.480182199066022 -0.838938352992304
-4.468049454899126 -0.5652509686346918
-3.6711729108198488 0.10960107762083232
-4.559600378282727 0.748587365008831
-3.768775174405304 -0.3377508688432403
-4.013010471637284 0.17164937781515782
-3.7426800002569194 0.25887749922544445
-4.085058758860192 -0.48494836384246454
-3.8282031214577197 -0.125362401625164
-4.579857292013488 1.1695537231826723
-4.36786263791889 0.5229800491895484
-0.7208582126409339 0.549410284952555
-3.4268824142598535 -0.19711482903552582
6.9337235700058475 -0.22101514827716578
-3.382697539968322 -0.4354059367639904
8.726263937461407 0.0994560435870756
-4.56303134788779 0.48742254933411977
-4.02860207019904 -0.39588644774649046
-4.061870598067548 0.07220284016287805
-3.7252986081635577 0.0396480033773426
0.09428166637003857 0.32797189392059356
-4.310069877956057 0.4376129145453478
-3.74908147632434 -0.2254888786175399
-3.3519825182981364 0.2553597904963474
-3.2490832468380195 -0.10574760854947463
-3.852889386986821 0.25864151598428897
-4.1351324398968945 0.5114999522592063
0.5243687682645857 0.31588015329788255
7.505097536818126 0.49660808012091023
-3.9740037449126473 -0.08756292441126842
-4.351934176688905 0.1704499101458168
-4.419212272568398 0.10534612990301137
8.067640109829778 -0.39344414768028346
7.916870060611469 0.16709816235429928
-4.475748423079534 1.2082740627712056
4.308186214305982 -0.14614139649444752
-3.4822484263724442 -0.5589625975191342
6.958074331592182 -0.5656285093991478
-3.803409437361015 -0.8166258655763565
-4.495195022908347 0.03349252462026994
4.087371651492174 0.17114351402391703
4.131916418526871 0.060766657858528916
7.320067712206945 -0.17576736207627525
-3.536249866235596 0.7091006763892261
7.94251914276345 -0.5599036179209482
-3.7969452466718128 -0.5219348167625976
-4.532979722370472 0.33727688417374274
-3.328107515001135 0.025641508373284605
3.9607762064874517 0.6474144325056088
0.2219362364929405 -0.39611746158550376
8.005549066499455 0.06564667424870188
-4.672891317702085 0.6098965918565763
-4.698345963060415 0.3255448848794632
0.3967664912173109 -0.6527535053117118
8.42170549143739 0.15112230751869762
-3.6940078918954415 -0.03228442333982487
0.37934991796924433 0.3389397190787433
-4.6209969445495025 0.47468327898490115
-4.040663339650543 -0.14071861589501444
-3.8104349233799906 0.08722216409299507
0.12425878058711715 -0.19712398757890692
-4.37551871843549 0.34235087496229133
-3.039519727993704 -0.27277633023009146
-4.455775235459763 0.4770742477019138
8.517175510167496 -0.09225666973122044
-4.301213762486875 0.2552249492106516
-3.672791677486019 -0.6932208919999435
-3.054238126810427 0.13347738955487065
0.1645589754447592 0.18421450054762192
3.5369648621361782 -0.42960818146198865
-3.7640955588666594 -0.12298060190057004
-3.3461042820933438 -0.4426313755352628
8.170207909182826 0.2795561609415235
-4.047521458028734 0.17517184645476752
-4.027260791011142 -0.5962528725366334
-4.413761400854407 0.3200592993540972
-3.7063208792456734 -0.4114403525356977
-4.190984568016761 -0.1002416999565172
-4.204759481888407 -0.06134373933033473
0.19351732509054326 -0.5166155330882023
-4.236332329176449 0.1846622523571367
0.10085717040518508 0.08695669323455271
-4.99892827631658 0.6243329938735228
7.2869172295764395 -0.12355440185937523
-3.987067318056886 0.18930854391951532
8.37887857071133 -0.10558917291193705
-3.805665014790987 0.28576777074489434
-4.125805735045488 -0.44925332379277483
-3.8634227244887507 0.3305938042461961
-4.121678021319184 -0.3090909119528426
-3.700645615528114 0.6892773672387107
-3.8066501987198595 -0.5210010158887532
-4.197176826453188 1.421688224568661
-3.9802974257018158 -0.45626953681015703
0.29667320944980846 -0.20091779606644242
-3.6312114300590403 -0.7683626900197397
-3.1615835515320567 -0.8623299705920235
0.06555044735901042 -0.29797552357041657
-3.935316227568176 0.3851478198603443
8.321837305889854 0.06870788033673018
4.267043071378216 0.12381636413256503
4.3916165866058074 0.6960260667584393
3.797678986761368 0.017983001084831474
-4.955955860251676 0.7215518115959194
-3.241940845110783 -0.8828564343578338
-3.8896508962536425 -0.5767840762168115
7.752220558354374 0.1892508082693909
-4.026779554214503 -0.13523853018609738
-3.702806468068911 -0.5476352279301401
-4.560584906944575 -0.3257855567690422
-4.693791291290612 0.10121129220883213
-3.6114317632744033 -0.5440469902497272
-4.397562338829144 0.09793681849899025
-3.984938512160379 -0.2167251516457293
-3.2946239794462775 0.0824115221453755
-5.112023887591572 0.4269102946557087
-0.705491661529281 0.4410578310834472
8.73703365701651 -0.1772649439371719
-3.811751760151057 0.3026648161650711
-4.521972845338959 0.052927487470171064
4.417090581049364 -0.16455616850167112
8.44241264057197 -0.3800954636873237
-4.100667926237055 0.5753188046192372
-4.673582808179268 0.8393202227373234
-3.3548918926375944 -0.7165715459866921
-3.9152291523446956 -0.04076507712905199
-3.999945160359668 -0.2831180263251666
8.663989285551832 -0.37488103857075433
-3.782911718781696 -0.8314513879241856
-4.270992898547588 0.8577681331888816
4.0627950102006665 0.7054415430692124
-0.13219851031239618 0.10237514733015092
8.933303317462942 -0.04639245539896696
-3.898036740624349 -0.31769958218639593
-4.082030411621617 -0.025724802157266607
-3.8290305069617294 0.1179235340653868
8.503814623354854 0.4166434206793363
-4.5542003860755615 0.464209393629205
-3.5242506529079414 -0.3069079665738689
-4.1776734335805985 -0.33178152085210616
-3.847318046256958 0.1620663904761534
-3.58781102016592 0.4752933827962096
-4.014590699162932 0.07761934133511969
8.23068830215626 -0.5576681962422416
-3.361632385905878 -1.0406047953310522
-4.023703534647645 -0.01227389065479035
3.549401329019098 -0.34690139774667733
-3.9869903856734803 0.5542809849097377
-3.892910081318366 -0.07786110367074792
3.799276695620237 0.3952533190826101
-0.20197964736385934 0.03225722344162629
7.9698108661222715 -0.4094898261557237
-4.373982363370599 0.23866640366723363
-3.694128000448118 -0.9441206691476157
0.6008693667679857 -0.1987493086954429
-3.522796660913037 0.38332791798184507
-0.06616577474136759 0.12994334752651507
-3.0595688667908987 -0.5423809050310441
8.195700403318558 0.285754943987132
0.1498155238486731 0.38940555904297436
-4.472998183208716 0.07115496105180685
-3.486683141317507 -0.1470976238394416
-4.478183192163218 -0.049754991230581275
-0.18400882379298325 0.3090073841889265
-3.69778406243095 0.19799255475915176
-4.2641930058825155 -0.14318998463289198
-3.7955021726475904 -0.3341887237981765
-0.42910868833308063 0.02467807799488697
3.615302266956868 -0.6170385376835656
-4.813475123545745 0.7830689324334601
-0.7266963468956489 1.1875221842613584
0.7199174030241016 0.02368439937499517
8.148845529798725 0.3965840703699737
-3.746931009552119 -0.42924126643443095
8.791447350736991 -0.5505409232745284
-3.9137702724830237 0.02171658712845119
-3.636223903069281 0.5477564980484236
-4.369451318021861 1.0439671813881426
-4.249314773169564 -0.515279501880576
-4.364537375532016 -0.5959916007381854
7.6908229276061695 -0.4025885162539718
4.054346252512506 -0.08001036169854468
-3.2364490285190914 0.82561975547165
-4.070824017093084 -0.36442935342042726
-5.143237182367296 0.12069535763942668
-3.683788909340701 0.4882943326954961
7.600277091192964 -0.3944274161046729
8.629566017312609 -0.31057350505312087
-3.7528226628162566 -0.06351468256904745
7.31876423053196 -0.2692666992126283
-3.037054462170776 -1.1390914996333703
3.7832450883318742 -0.3517249438697425
0.8315657949781466 -0.12608032341961173
4.252088813373747 -0.06675165540161498
-4.785580021679145 -0.13675363682509445
-4.146846371352048 -0.8503754380903283
-4.2513737872764645 0.5000856879023783
-4.235134165935238 0.4857355356249175
4.10719832504758 -0.3378022629671274
-4.893977191517515 0.8643557012987619
8.768966190912295 -0.5354931696715453
-4.067551347208864 -0.3051609605387237
4.2393505975431545 0.8559732866927553
7.3300122408541 -0.09209942567225855
8.29964525408607 -0.32384384311692277
7.720875315405144 0.23062202257554665
-4.174036521403584 -0.20004694172425747
-3.294525460571063 -0.26749146170003346
-3.9280120671616676 -0.6093348860801275
-2.9578592357459907 -1.2490887036941598
0.023743309283597663 0.29610295489671556
-4.401684552175437 1.350744386732361
-4.265674981182278 0.31265926838065994
8.151757363295397 0.1251500252508323
0.2753017177394428 0.6332476754496817
0.57175973264472 -0.17062080064759774
-4.018670457486593 0.42488373394857276
4.091973236774312 -0.09424134250223072
-3.9357423784987646 0.86908948314061
4.328302712832533 -0.10249066577648958
7.079759306062464 -0.26777561220745183
-3.3461823199750493 -0.3207569155705199
-3.942801707566856 -0.23144600167525564
-3.4683063550107036 -0.848308000996983
-4.0698392815621 0.09662057052982735
-4.019149547730838 -0.35796808200888114
-3.5866862650984563 -0.545690515121563
8.418704220800159 0.15582956278970778
-0.13540880581112266 0.1860174539392623
-4.646673125519196 -0.5649920763543751
-3.0470835224867523 -0.17601862368557714
-0.166435934491671 0.6684889297126093
-3.705459208000215 -0.29398445537445256
4.000000023944964 0.4806892591716447
-3.2474764850593205 -0.9581275821995756
-4.136375717171204 -0.26901820401603194
-3.882877644111131 0.138783840313434
7.165890275601542 -0.058650576178967295
-3.421244829878744 -0.9733041175182714
-3.8042646312430684 0.34152365146328456
-3.6683380722165797 -0.788097851776816
-3.091935414991326 -1.3394293495977831
-3.6058846021682327 -0.23596975016019645
-4.854016512086834 0.008788482168593181
-3.914155841919623 -0.43063893118578167
-3.9798170888793947 -0.8541681142859151
8.048597396858232 0.22615070278811397
8.469486656242784 0.1776856897840203
-0.4029121763254803 0.21236156177731053
-3.7206255035892943 0.26538240634053156
-3.7416412092718607 -0.06328042506864609
-3.6340346305748894 -0.1408679588725542
-4.31548064626847 -0.8880876744124369
-3.8055704542558333 -0.2875687021597506
-3.9755067126284636 0.5166826356132316
-3.9397785109831553 -0.03909707812638161
-4.372262640744057 0.5173621196510376
-3.750395292549139 1.1877212105521457
4.1088095188326665 1.0638142656164657
-3.51834411416045 -0.3301081394583226
-4.666036502303242 0.5811479995816308
0.16567977547254542 -0.03741615952322655
-4.1529580297634885 0.719388670743079
-4.216714068738662 -0.31803895809119026
0.943301411558346 -0.022843133469821253
3.847015674374346 0.1289820216551641
-4.015539109095971 -0.36212269717452283
-3.7200176613102878 -0.24647535351154265
-3.9731449264100194 0.11135894962615778
-3.571816536560598 -0.4914941845686084
-3.9702340050793032 0.4221991790492109
-4.749845073070792 1.1796868753960497
-4.654431181705325 0.010619913311788298
-3.1388709838286513 -0.23523521530728575
