-2.8051184690302606 -1.582861757516382
-1.289551296014635 -3.2823566817732037
-2.384796400852638 -1.8264043332102526
-1.6169607599736313 -2.3622523248316734
-1.7986113723798105 -1.6752981235322129
-1.7504372708426574 1.253088453061396
-2.138693102385665 1.674504995652602
-1.9043360653554424 1.6125321529539596
-2.715333228773761 -1.575366340308085
-1.7948634197458218 -2.102008764345544
-0.053342860811214414 0.13846880027121306
-1.8772833771748383 -1.3671661893279703
-2.0240606642255607 2.292168150508804
-2.251449823697601 -2.1206214349727968
-1.57945845935856 1.2836599928727346
0.4657245352002029 0.43400064621276335
1.3033498321010466 -2.5258300723009715
2.555672778834226 -1.9636944829776837
1.955245463797914 -2.5093074460726816
-1.7933001196077056 -2.197787441996495
-1.3601157713711363 -1.8174422618976174
-1.3135846052867461 -2.0996757140408557
-2.64958027924921 -1.119703810970008
-1.701680818399479 -2.443822928502147
2.1067655708855777 -1.981643373387165
-1.2690476027361235 0.3049590200595857
2.3356146740061394 1.3468925489377788
-3.1794761636586255 -1.0547711826232848
1.8981357270586934 1.7967030288888253
2.205829886982185 -1.690141862726354
-1.9254998071381306 -1.1656297728952167
-2.0270741607582208 -2.0350521771903938
-1.7064282873138101 -2.460104565571046
0.25804969726584187 -0.31037571084022264
-2.4825458341541378 2.188520537576924
-2.2745846818004134 -1.63338791227767
-2.0229424767315964 -2.488067405080296
-1.8458295866591932 1.430226306610861
-1.981622335541537 2.2137220211220807
-1.6261093304608694 1.815316230587881
2.204077876623652 -2.2139744364999667
1.93503094203966 -1.8750117096260306
-2.5701607962065065 -1.5006579918846557
-1.64770680482862 -2.107635508080027
-1.71120107188779 1.8807759547091187
-2.538348118827318 -1.335641580889789
-1.91657834104207 -2.4069050968836265
-2.148683230766077 1.9788307679279042
-1.5428149445235555 -2.253483644132965
1.5782535546550993 -2.188025595071086
-1.7646221367367414 1.3724445335522009
1.811245244131018 -1.4732437935791025
2.45690312217817 2.383791387522118
-2.402786257823876 2.382917156646009
-2.0158714508282745 -1.523127127008271
2.0644163399204194 -2.2794563631335243
-1.3828174493990755 1.899646633544894
-2.504374361418711 2.3249321991986562
0.27780860390040246 0.41536530122578763
-1.5831192554583102 1.7263377063453431
1.9921918122471842 -1.8419997567893518
-1.3274315246482848 -2.0726403923120227
-2.1355498815555025 -1.5073519594957472
-1.9615410980029515 -1.739244603886092
2.05672915504964 -1.643558957851628
-1.5229398103689404 1.8663097941439195
-1.7882674805170895 2.1888378299227518
-2.8878087050457193 2.3867412550763727
2.017844449736943 -1.6734067416552498
-2.192872723189195 -2.22682325792549
2.1272818367301607 1.9589087648545682
-2.638199342452485 -2.3928435976560545
-2.2629939516575495 -2.162031417050232
-2.8388169496295736 -2.4362943229403
-1.9336734270345268 -1.3648077793798026
0.12863768418574825 -0.4940482097843561
-1.9254472702241938 -1.9101809161430112
-2.0625589514938287 -1.0681317757799387
-1.620324610091095 -2.058731231371087
-2.0767863164730276 -2.79478034638442
-1.1554689430905398 -2.206662814176933
-1.5645376195492664 -1.6488779230172466
-0.4294159630921216 -0.3089483109540236
-2.957951961118883 -1.235764982178023
-0.6816199447633196 -2.299751879220377
-1.9296396218676233 -2.1390941258661855
-1.7386639353571671 -2.063126327658809
-2.2104008145089082 -2.5109592101030653
-2.0247746824618673 2.1117111501441466
-2.273690184796985 -1.697508051431665
-1.8549579583558349 -1.5515369807480572
-2.1921039406268186 -2.443698229777169
-2.562128641960604 2.948895475784817
-1.9125611949338128 -2.847712519859603
-2.1930143731511493 -2.226342239389169
-2.144525252512004 -1.6177273213356775
-2.701685688870711 -1.5413274330391253
-1.8559311000659264 1.5988742129032958
-1.9642465741188442 1.5057976422792243
-2.107897368375283 2.045211681690804
-1.0073552308327598 -2.2165712968875875
-1.2912812220934717 -2.919210021115358
-1.654179591389012 -2.706132466294978
-1.7723502397241004 1.7914354353593285
-1.7865839208334107 1.9607684347989693
-2.062841548998522 -2.4974803273926787
-1.8612708979207775 1.8790136213470965
-1.5195180969471185 -2.277736523051555
-0.9816876962952292 -2.438792931360917
-2.5612650259022667 -1.985323099710621
1.7196689619023249 -1.5394487404742787
2.087289485153643 -2.5544804168470305
-1.8608268785490838 -2.0744064912171583
-1.5541640453937253 1.4464914703783638
1.9344814592082367 -1.8163109221049443
-2.566609280398893 -1.474461427563483
1.4435314005738542 1.8296794035338169
0.292472884744589 0.21550159101779448
-3.019844459898648 -1.5264913628505599
-2.2244826195430645 -1.8346248585016873
-2.126490068405256 1.8532619690554408
2.537053355352063 2.847116990770448
-1.7975249274502256 -2.7879789554126573
-1.3478647572796025 2.2338557134148633
-2.08646345525689 2.385302775204107
-1.3980628578249 2.032852173130412
-1.7991819682553443 2.0631894934301203
2.0193525139818282 -2.3411859491061002
-2.284271814508374 -1.8570431434996615
-2.067555842531989 1.8400929352848097
-2.3892383255512084 1.4398282289043087
-1.8204171606512798 -2.6992393009419224
2.6746816939804017 2.5110998834978977
0.05538771477902043 -0.11072587372253921
-2.371820034024665 -1.8168672706009716
2.0428724496949364 -1.8119049227934663
2.4966278003079005 2.4152021559874077
-1.936009295242103 -1.9585111223033964
-1.8949905919012997 -2.1017860088787397
-2.4953666221265323 -1.9979007479206103
2.1675303850954055 1.259624305065779
-2.304491027462063 -1.6417833615376352
2.5524921050256264 -2.3013919447320097
-1.8826593282113937 -2.062990804415331
-1.3314813097981726 -2.1973585078206765
-2.067109809926192 -2.0961921784108846
-2.0306137714798065 -2.1111563804108067
-2.1371464306563928 -2.536885516908298
-2.062233699347905 -2.1180354537059456
-2.2793949926707207 2.0613815231687944
-1.74750064257092 -2.5545598900341764
-2.1664106974822683 -1.7268123128555104
-1.0222136529492263 -2.735441896328346
-0.5711870314302104 0.3373654527123862
-2.0723008952895885 2.80443697394531
-2.539975420568725 -2.330344777335308
-1.7154375781696463 -1.6578479700998472
-1.7932461475385408 -1.8633899136852248
-0.5841628658701272 -0.0943567130104559
-1.8166867098911927 1.9438991530686036
-2.1294799208423068 -1.3642262668498288
-2.011031465120986 -1.6662563965969008
-2.3065751840553683 -1.663034888787887
-2.0313077014969183 -1.855536179110002
-2.4481991458876005 -2.233725208038899
-1.8641501184076785 -2.4010283075845744
-2.0610575076787447 -1.6554619676008588
1.8136691666544735 1.6282582545219877
1.979462652437258 -1.9784035673888563
-1.6473744346793913 -2.155510595679271
1.709321257797058 -1.556123584582799
-1.649461360239639 -1.9396253399677408
-1.799833728063771 -2.600400076752196
-0.8552888616745244 2.1597676874608767
-2.1758769245489673 -1.8305498185060611
-1.8997319145104552 -2.0129596542796837
2.090223128632938 -2.036020883797838
-2.484221415906831 -1.3940079530530194
-1.3406982046347147 -2.482610681562549
-2.242514912339323 2.2600024871618523
-1.6608889295630889 1.7501527619307118
-1.3058954518161974 -2.443796776511558
-1.3440806345267868 0.0002676578245807266
-1.7796996219554406 2.4372292272793836
-2.717320164420769 -1.614529933136021
-2.076061784324218 -1.8226813630969452
-1.4512402486759894 -2.0905245665078462
-2.436810154694909 -1.813266768732832
-0.2819106873618891 0.18861099030546244
-2.2240844046115598 -2.6317180674317413
-1.9506553089596403 2.594013361192844
-1.7051383834339735 1.5621095222854922
-2.044244637974368 -2.1642750253329512
-2.1983090008109825 -1.8314217445510166
-1.6120238288119086 -2.434448432237957
-1.172493556808665 0.5390895963494351
-2.1417256130759608 1.8022475246565486
2.079763865558338 -2.423470413318209
1.5898580305213112 -2.151319937756682
-1.490265001366545 2.032163034728768
1.939909159643147 -1.9648714865864656
-1.852721686831385 -2.2060139066470423
-1.7843383341260972 -1.875098874616736
-2.072594604533336 -2.3081333849082073
1.9018615229042728 -1.818442030571258
-1.5998226449251765 -1.7434444689578479
-1.899170646773466 -1.9071930079425536
-2.35178962594583 -1.7756642572183057
-2.085369400769175 -2.186275664351948
-1.9960515291750995 1.9105342359896142
-2.036448712025119 1.7464397490664476
1.258087425642476 2.242542578445001
-1.7960550625137495 -2.1947129665708514
2.1259887508649844 -1.7834048544587324
-2.338864344439695 1.970937192064146
-1.7686404687488924 -2.3582937362822647
-1.76065791252583 1.8657414729217123
-1.9911703620566295 2.045479932306764
-2.5286716146561377 2.052486080004293
-1.7469489064411334 -2.254577408254511
0.5674468826873583 -0.3971928410212546
-0.2707556745005366 0.12747819519702128
2.0829958667217334 -2.732451626323112
-2.004540754364369 2.076316908620586
2.1869222820663436 1.9285266332242306
2.091999465602564 2.9511186732496593
-1.9636392753098681 -1.536728786355713
-2.636166297864319 -1.7812191264972974
-1.786557756442843 -1.614811465370186
-1.288121380439127 -2.5970626649922295
2.1077766852973396 -1.1354639799251998
1.952995298752009 -2.29152452154619
-2.4012626629674805 2.268018465728927
-1.940167076585561 -1.7742036938350494
1.952174263395735 -2.1468729000276365
1.6877759498933722 -2.2327776696815294
-2.2689084334665504 -2.167173550164834
-1.8064761786601586 -1.7047899058212315
-1.6567290150027016 -3.255910525791461
-1.9941864178646145 -1.5787020799470355
-3.1998425349343633 2.5492071423342146
-2.513395609320902 -1.9886198327540474
2.2126958047832552 -2.3932901389266297
-1.3101677513995182 1.765895587171545
-1.4301939653675209 -2.0256794034142818
-1.7412848465117525 -2.233341858745356
-1.92659551034362 -1.9614611796680093
-0.8308908168645319 -3.0362971030475654
-2.6343848562245054 2.0102470437457645
-2.09407978600771 -1.8256233339642916
-2.2367294698464018 -2.3865809916793164
-2.083410266980832 -1.7969158890203651
-1.6572254014019494 -2.768634437264251
-2.4390664265635476 -1.9086086105873665
2.668985881124772 -2.3689196340863345
-1.6862398973220782 -2.8568290879409393
-1.5744208822143 -1.9459606771022628
-2.4540229613955775 -1.3847818673881889
-2.558657788761448 -1.9719960177925158
-1.3624499814419417 -2.549129641370702
-1.9651444551249846 -2.508389588154766
-1.4444080320470511 -1.9694660416822487
-2.117713419926181 1.1083746581832883
-2.5808173402197445 -1.5628225548998302
-2.810593970069239 -2.229809237678076
2.0518311508322697 -2.5664665261481945
-2.0432336169231595 -2.0143760523505314
-1.874412649282747 -2.640042473855307
-2.625506870462048 -1.4738388753040654
1.9015251964573279 -2.195607796343475
0.15436428789095666 0.24790200594393366
-1.701592495652793 -1.8635077650711627
-2.4290413018288852 1.585168148064253
-2.2521194957957356 -1.6236385949644303
-2.138120811652367 -1.8906451679520515
0.7182821089346718 -0.9169304561600115
-2.1637132755424817 -1.3595894744051604
1.8995435205519497 -1.5028526707203684
-2.1636232674103337 -1.6850554302779435
1.9170056090777245 2.0627216748165775
-1.82834034883443 -2.5801856269270944
-1.4349258405367107 -1.694973363328557
0.4177530825232024 -0.08057491322419032
-1.7272261415472179 -2.669227144793936
-2.431004630112148 -1.9097759551716942
-2.225262490547149 2.2435276568247984
1.9692885767183972 -2.072894733435066
2.3084543533409683 -2.351857554038241
-2.661404476254714 -1.318997250511779
-1.7674413336351764 -2.0403139992321915
-1.0342664668904482 1.5810568540209338
-1.9234026032236464 -2.174430474285952
-2.1450338311367876 -1.1479579517806966
-2.5767121857138755 -1.552305690686753
-2.739117905392035 -1.932405394419853
-2.340106424954456 2.096256065982232
-2.172322753475117 -1.3747322163037687
-1.8190586146238334 -2.1353008265056332
-0.48011607108939547 -0.187721480008983
-2.59323274862572 -1.658584231597096
-1.5077818409690313 1.3021367888460136
-2.0865961866002487 2.7941838546363327
-2.748856663572545 -2.1736588973590156
-1.218694298731663 -1.9823519199339996
-0.8427038691785314 1.4279579455698213
-2.416756666961173 2.546717571539005
-1.2116661794520018 -2.194164078604931
-1.7797301375911687 -1.7794705880526454
2.385538160799617 -1.804921534146084
-1.9802442113269307 -1.7640761224513892
-0.9894560825466858 -2.459401185732946
0.19222028701788976 -0.05152831374969391
2.4200765997794966 1.9973752503019981
-2.46771413644739 -1.876533812226524
-1.566501487651227 -2.922749825386096
-2.5468021090136874 -1.9251708456044283
-1.247591873172397 -2.2247853255776917
-2.249282745122575 -2.3006929837729713
-2.3159620356107347 -2.161138201348735
-2.892380053943726 -1.4741417500739227
-1.9381922923924968 -1.8710259441012702
-1.8382246497211485 -1.8446253650758613
-1.9770475242838303 2.2378362662324234
-2.556257376803537 -2.0046152081559447
1.8733198919474885 1.7570975326559648
-1.59799238529934 -1.9454059566700521
-2.0184948943831196 1.6746428777970679
-2.7745376614461827 -2.198774522790341
-1.5552472861565385 -1.9424827988755637
-2.0779118301375004 -2.23237382290906
-1.1697455290816263 -2.0415042092682403
-1.2699641320137043 1.940042560558729
-2.2632550879197417 -1.586392816160584
1.5596947252584579 2.1629600367904653
-1.8451126651812297 -1.5183754289119333
-1.894567919891613 -2.1608681133373246
-1.867319154917324 -1.922592906607516
-2.8750670011249255 -1.4365498013003848
-2.343134959967485 2.3208598482503033
-1.7231468674187556 -2.3120318725277285
-2.047561300937934 -1.8485400946353416
-2.211028483565186 -2.010364114320071
-2.402370883511986 2.4166151572095615
-1.6326657564816673 -2.7414373369251557
-2.1835995167584232 -1.40505700527636
1.6795884369025895 1.913606132188483
-2.226861415382448 -1.5013198567431216
-2.209690769296168 -1.8604043369511056
-1.681575497179168 -1.8932695818141814
-2.749817081564003 -0.9426353449191938
-2.0177926114320077 -1.9302651102118267
0.5768984370812394 0.26725185205150737
-2.8666087594028835 -1.4807037559435625
-1.5978722678372228 -2.321531309481965
-2.0794584858051897 1.5997127171703247
2.387207580292775 -1.5516137571860977
-1.905297661074033 -2.1212834779795133
-2.029441759362978 -1.6969700132519514
-2.395339776414163 -1.4629812099683321
-2.468447131321047 -1.9266030619958212
-1.6972610613979442 -2.59469421407852
-2.4945035319234017 -2.32389502234883
-1.6212446860042247 -1.7018833647887084
-2.4615024465503286 -1.8419778854099462
-1.7198763224842155 -2.385789545776669
-2.131131481266357 -1.6822571316391688
-1.3439797460131009 -2.210812978030144
-2.324837769150648 -2.3559575134049364
1.8989772293730396 -1.8789360100599881
-2.2774113393845488 -1.2448108746952136
-1.9309415928014118 -2.04840452410329
-1.8913880291863794 -1.9823591194536372
-1.9484562520959694 -1.4704322879323515
-2.279978027299354 2.16677453777729
-1.1632559440192205 -2.6493116035571544
-1.5936796695658089 1.2487888479096674
-2.526568948049728 -2.1307889314160366
-2.381353279743462 -1.5402506727973286
-2.099259188090919 -2.604737847336664
-1.5115423205065854 1.6521671610973812
-1.2107146047616895 -2.6229606998251453
2.020493691910567 -1.5010489740653448
-2.353517935065953 -1.7741296304932292
-1.3081914035315088 1.562898634268537
1.604179736913148 -2.159365900734191
1.9429101698219047 -2.19386618309125
1.7574381635895358 -2.3815926235707003
-2.236997625799192 1.4412689662032419
-2.348054487488422 -1.2787515119562511
-2.647111386951564 -1.426941020535673
-1.871267488613061 -1.649630572837425
-2.376527491296469 -2.3354628968317668
-2.3310454373430787 -1.7569497012132058
-1.6846408030756956 1.6971667043150558
-1.9485772431902157 -1.8667682715531007
-2.1148523441461706 2.27007807579115
-1.6539337911925869 -2.5624813523035233
-1.916908891998919 -1.8290798294337838
-1.6203382785068285 1.6084319989623101
-2.4346870731636288 -2.062408771804779
-1.3827584009502398 1.455487947408124
2.7627634787183344 2.0874449697913917
-2.4700576643652266 -1.1117366624730147
-2.04733586941454 -2.988434150583626
1.587495642507371 2.042233454596338
1.4882485322834154 -2.548983036686219
-1.5363048123363272 -2.3805531271611917
-2.1136617778252504 -1.6246211073133132
-1.9120647102133828 -1.797411862963467
-2.2028952224195018 -1.5595375206799078
-2.0219588242036575 -2.0374663309772756
-1.9161977281591385 2.1433333292153622
-1.8934207844233748 -1.9984658428576405
-0.30649727677336996 -0.3668943753245542
-2.622660580931227 -1.6993178696650695
2.234498021832998 -2.012874627979596
-2.306620202174669 -1.964058054043986
1.719847874901333 -2.712470353118965
-1.4558558415840828 -2.5128094401729077
-1.6812082825990637 -2.150624612218434
-2.1506905919294663 -2.414073525306697
-1.7485099689582064 -1.6354995195056297
-1.7979756977093488 -2.421610151736964
-1.513847286367621 -2.2440311897412553
-2.731797373220088 -1.1041870810896224
2.3104229663441007 1.830444257379981
-2.151666447786789 -1.8620862257646011
-2.235477842795859 1.57102223084694
-1.0995412696015312 -2.3281735418507097
-1.4167602020898187 -1.8126229541842205
-2.3539366556450965 2.5999970382989197
-2.995821072931774 -1.9445859486782702
-2.9806852210208366 2.255837021471071
0.8859381822224798 0.6140053645183577
-2.7388634398395832 2.1718226148314463
2.307518138908966 2.3337381941562403
-1.9718125061405622 -2.3957195390971773
-0.8647159139915108 -1.9733536893601982
-2.249761256681877 2.8755606099959676
1.8449636155942457 -1.7599905905541278
-1.6646066535163009 -1.6533823244801356
-1.581618694598166 -2.315144037164699
-1.4302494672067938 -0.07687771007110432
-2.8500918689273584 -1.8636206466653773
1.8904798573461605 1.8612147795436556
-2.746075743504324 -1.9602909679075968
-1.7675491752136048 -2.624500205397506
1.6362917283488203 -2.3428840014896597
-0.3410832880836131 0.1283832232124919
-0.9335293956676072 -2.0797066249756013
-2.6483878509691 -1.9864988506010888
-2.264564415669674 -2.1178742337895753
-1.2059627453101673 -2.6827815727455118
-2.121973578796127 -1.7501575851841806
-1.6037991126571862 -2.0184522328260397
-1.118415910662721 1.2872063580412743
-2.8558732421526765 -1.8893372510949469
-0.6934276969383868 0.4279888348048538
-0.8503959446600724 -2.840425150850876
1.651672807240999 -3.308802257970262
-0.38864262442775627 0.5212608921941013
-2.0357324644199988 -1.5605861343792267
-1.6755957904823893 -2.1036675957081536
-1.2983374303674955 -2.443439048211886
-1.8444208981759425 -2.055462725723109
-3.2141373999876834 -1.6695562228938323
-1.7155650794943882 2.338207771892821
1.9585464077379537 -2.858157343501776
-2.227778595807074 -1.4133751058460173
-2.3543123911598856 -1.303907111292067
-1.9939443037268152 -1.8120239901316983
-2.113180186323117 -2.1177882889094053
-1.6989787445322129 -1.6208371927825242
-2.3812115091319264 -1.1554694421547311
-1.5811369712642942 -1.9491021855068693
-2.4816790164494655 -2.193531398245988
-2.8692914397997438 -1.1435484722476361
-2.0509473907945392 -1.3788615395685277
-1.8771863605762265 -1.9264677892607582
-2.6376868807669664 -1.7581910788490345
-1.9031104494331417 -2.353173019571156
-2.6349058402642074 -1.1458080505026957
2.630255917708471 -1.7571615484929852
-1.9017915083529662 -1.6014034424248007
-1.8882017584732675 -2.1693795991961324
2.39462055601019 -1.7927528099974408
-2.37798575131138 2.4980664956085783
-1.1401458566222205 -2.6665728530043147
-1.763967380548363 -2.42066683019412
-2.0614910290098356 -1.8478555741572027
2.3771952739019007 -2.3586689478797918
-2.9996484905727603 -1.400615395401252
-1.7586053542483588 -1.9230084361912896
1.9636814874620756 2.6566389337637046
-1.9708589149365503 -1.812335091687273
-2.612772635345597 -1.9305756824413112
-2.401940841236733 2.810930718708584
-0.12298237301415331 0.020845236151207435
2.1849082865484615 3.113317844560549
-2.6291257982104206 -1.8002508421640226
