-3.559866939446129 3.7373818998651442
-3.7055299308097047 3.7482842297431143
0.5196930969588611 -0.43723691361046674
3.5453758116583187 4.197786685790463
0.48072101605854345 0.6197345727705016
-3.7560350935338724 4.159932966548164
-4.244530641525533 3.594348489339383
4.038191213668882 4.179162120338551
0.6391132795993636 -0.04765115466574523
-4.106820125669336 4.244854594164634
-0.44063908432530613 1.039067602078414
3.883472018713208 4.045689581602199
-4.030494252392351 3.713679090767811
5.625981486800917 3.209100162862188
-4.178040996607275 3.685550951088495
0.45023492062318354 -0.11019753894412283
-3.4363522985778414 3.5199870239407773
-4.029867989771048 3.5318524066900396
-0.759848989176589 -0.05492394016596472
0.4507691239256782 -0.2668621134688551
-3.505485829625192 4.4001907664352995
0.09686609882809816 0.700152839017759
-0.6111232801205745 -0.19272859095461983
4.806060827761958 4.410316178951275
-3.663544339150086 3.9568665090438997
-0.5960799188818645 -0.47207979878015927
0.2859398338637696 0.7128050683711509
-4.359126046831503 3.788296550087235
0.25753176396534705 -0.034550553413071804
4.630323571313465 4.392971157032601
-4.34837437925428 4.5565451742259935
-4.031580016030304 4.001713535230334
0.2559661094175192 0.024558491709987564
-3.8652544678928895 3.6998481720206384
3.807401229530667 3.8273917607887062
-3.900587689587486 4.380617754490691
-4.34164736476002 3.6887406254083293
0.18735817046395117 0.04535589299612233
-3.8979112356863124 3.9340664766520486
-0.1894564548157083 0.3697990603016582
-0.14159889569095774 -0.07160883445256419
4.61572369590149 4.134860896801681
0.3978702229420509 0.34181439217390686
3.0326217816079293 4.712058747462804
-3.9807748384906234 3.3894660661203764
3.6088754680510076 3.3762973744986535
3.704722524764345 3.691341193634514
4.573672428956303 3.8035969107527294
0.6057410621366424 0.09407513508312312
-4.093767361949972 4.231030222511431
-3.8690871982954036 3.5411873669619496
4.1669933296238835 3.611629758465617
0.3012127428375926 -0.4851281400818401
-4.713353651891701 4.095000495105633
0.7928958255129823 0.7120096446718837
3.6890675687448424 4.351115823177645
0.4056291220622466 -0.23453751674586565
3.911155368116635 3.259402419770587
3.8602267338626124 4.562565216344215
-3.176550563089242 4.3397513140488915
0.04700198155086829 -0.15688830419623226
0.21665634312209167 0.2832780855039142
0.6748217443606075 0.14553045905946235
-4.37302805797433 4.326633672111905
3.4257557272259644 4.844056594333396
-4.159734074152109 4.191972591825774
-4.208194110848832 4.177341841944314
-4.294806171950464 3.6839469863193397
0.35829528918809583 -0.05686902275483965
0.10369667261535971 -0.016213436586181306
-0.7842073949198147 -0.36259637851533905
-4.0743574584762685 3.7017427321664935
-0.27348930341868993 -0.32100398895701154
-3.8734176073117803 4.1037089186519635
0.08947464164006101 0.9504317466844845
-3.671468282506096 4.095787595531926
-4.174907989064511 3.7226527922741153
-4.502380487730511 3.871432492956987
-3.7291443078267137 3.9309466025297213
3.8457467551625664 4.059848506874345
4.007616743416406 3.9652152164541694
-0.5216408048810854 0.04503519883481013
-0.7097918103343813 -0.3007447977603398
4.311564070112674 4.425115941642084
-3.795197182524392 3.747675353721528
4.687167837654324 4.295792929687402
-0.21153456573012894 -0.002381039754135355
3.527093331581878 4.470880524022308
3.2297662306279418 4.106079579524043
0.1510414494141987 -0.41071090897365126
-0.5589060460444336 -0.2540134596698501
-4.322359844747154 3.658573332428728
-1.4096137952140346 0.331507803381164
3.932553562867842 3.6550964628411564
3.4243944335338314 4.832913490960304
0.6929611899046247 -0.37465867353405696
3.722338612205723 3.7579441865119714
-4.184660063113433 3.369129346294971
-0.21387105979124788 0.016857364251140355
-0.043274544245768626 -1.1058391491839201
5.340615908685518 4.214759734704416
0.1368794023951461 -0.25721611326528193
1.1890964410639762 0.026389041561367375
0.5714725945557287 0.3950452708369823
-3.807504283992113 3.617632104936563
-3.5303893107932907 4.035430951483315
4.495462476691875 4.334203237196185
-3.9726959300917173 3.6668605494081867
3.8793329986491463 4.424306450037179
-0.21879781319800337 -0.07395150227950005
0.8350862401447834 -0.30403335233314055
4.457159223969951 3.723077392146748
3.951829124586013 3.9185823750916744
-3.7808569671160193 3.899379819492682
-3.4432704666741594 4.342398054671994
0.03481068872470292 -0.021263441803576255
-4.009528932969457 3.542670593262305
-4.244124738879523 3.5861484913923425
1.252986148706821 -0.5628716481432836
4.680060031549786 4.134410604776788
-4.18632320567017 4.460577139076882
0.1496908081842189 -0.3281333295710019
-3.8277319054051815 4.073936763685587
-4.145596409473715 4.264249745771743
4.707578367016789 5.0474840902166305
-0.32762319673290036 -0.6045910045622952
-3.8691709715789244 3.691977185748694
-3.7671708273004976 3.739437967928703
-4.152387260173107 3.6331460972785776
-1.2093254756991443 -0.28178433099871414
4.248296281591661 3.9918071635074384
-0.5956125259548766 -0.20905941805672795
-0.14364712260383436 -0.09043218670252656
3.8371751307157256 4.803699229964764
3.6486004317965124 4.636206979632164
-0.2307230816555344 0.43302199887244713
0.6778441949821067 1.227469408543247
-0.20280652985113956 -0.83667097989633
-0.1157983849284141 0.24683770002738692
0.35314151088324636 1.0390882401393982
-3.847590498797899 3.984094329192156
-0.025621833942019636 -0.6586706316838097
3.401872053257492 3.926792582947062
-4.312050162901205 4.478707280749142
-4.152240560772188 3.624366367665485
-0.08406663148629102 -0.014653101556607009
4.602150341778218 3.6454596063267486
4.819608799996563 3.0350539708649165
4.507920969667178 3.276117693758172
-3.8818453846033565 4.226122153962045
4.274301831712997 4.106055283597982
-0.9317006980134573 -0.7738777656408753
-3.908481705074766 3.7420264523145343
4.36317946190715 4.16119177908652
-3.2623182685681527 3.902742001670407
-4.097758810052151 3.583600320947638
0.22840660929411882 -0.10893979690888549
0.02809868187256104 0.14540675406430287
3.5521813020706756 3.596461796040915
0.6868035616417595 0.06263685607807956
-4.186915474283971 4.0518047260901024
3.5755846420969384 3.934120455385755
-4.166058178120863 4.135239708068101
0.39175958242262676 0.04549115884646424
-0.25158728702754113 -0.2559706559618598
4.164621016048751 3.9267215343932507
4.1202715443376405 3.593332747446242
0.5035577172224975 0.5521728275070344
-4.0005269298982205 3.8854062920695096
-3.9789069920646645 3.308543855090127
0.21814668189316186 -0.9172962792905508
-0.0743504415162905 -0.15330132858032686
0.03077414645130119 -0.33132049908193295
3.6990532059501353 2.857765136963275
4.252164191165897 2.5312927190800023
0.3861784403229902 0.27972263736128966
-0.06795303563394572 -0.1241442538850905
0.0262007849921496 0.27168278359481557
-3.975480679279057 4.1036618849041115
5.132075680721222 4.2623071333036835
0.3797003536373142 -0.02896314130424816
5.05357289994648 3.758652253808835
4.259551583321814 4.857829784023195
0.9019041397635373 0.3081485155176702
4.430404637720953 4.011996422959201
3.714322960103193 4.994969381716302
-4.129635058453258 3.9689135635198096
3.475181765431019 4.3288548975479
-0.4811011692130073 -0.4410282260726428
-3.8891884700019217 4.296582373430921
0.33623131154988123 -0.5552334773662655
0.10053690853206108 -0.4143391295537819
-0.915347025385518 0.015566191998210027
3.3992782681170706 3.821482441695365
4.0827258934069945 3.7479388019136115
2.806614325932906 5.324141053807432
0.7793397484858725 0.21319410328151078
4.501292844186664 4.336357355464784
3.8458968088361534 3.8570569525567495
4.8326184224760524 4.255106457786398
3.9034067861426385 4.70833084723272
4.0815854930232565 4.636198539836225
-4.323718193476952 3.773417044713458
3.9698391010197174 4.258637375773947
-0.6073253716595775 0.6096946017365795
0.278146613752314 -0.10361725365117225
-3.403085851411061 4.055394148659091
0.17381209637197312 0.5029532146474202
4.190686674849839 4.271246707044897
-4.174179795811924 3.717360081582043
3.9664912970648194 3.348636675736803
-3.961255207752369 4.506304692582194
3.90860783805479 4.742283556444543
3.3311235980775695 4.439200660357528
-0.016003901317877323 0.03897376944771234
-0.01825909563669341 -0.746555029632549
-0.3497704111315018 0.3980371736034291
-3.5633786661958764 4.492262918169488
-3.8470613251544714 3.498689256186758
3.762941649802971 4.243305843245414
-0.18915406231115175 -0.3476956613683753
-4.238591596063528 4.568400195243604
-3.941294293011842 4.128551941652434
-4.14597759553767 3.610958283195784
2.925325420449801 3.664516458910598
4.545888812756524 4.515862242735199
-4.31496994896208 3.8254437135329216
-4.2277111235869915 3.6524884275620684
-4.4262438449287895 4.259103731691817
0.07118021260358583 0.6101066554907374
0.015519946027890207 -0.5264841232092461
-4.211143668054423 4.047204991739329
0.14233139370353434 0.08246675452270137
4.016487771027006 3.0939113718054347
-3.85248606876753 3.525199230675749
-4.328397705070081 3.6674550519016416
-4.163428678536722 3.5770687657147007
-3.3006599611661827 4.140389709512562
4.490901443400732 3.50537485017771
3.5531361129512127 4.370817386187886
-3.980434742288074 3.9412024461534463
-3.713164476211184 4.318404798522254
4.433606180632403 4.78338492640596
-3.8565964203740437 4.461788156896398
3.6611439679436297 3.991914935707908
-4.166644084708146 4.015992279269805
0.05409149005058466 0.14227812743236748
0.06470312436309107 0.1446515318930897
4.086650175041797 3.7131521939001986
-4.097149487847496 4.337860541232005
3.8051105029608667 3.7657786464849248
5.503881143852248 4.6281443919475675
-3.7871508328682113 4.239089267450198
4.536974428428032 4.446462320522762
3.708434222146592 3.3508107780524066
4.157557858161724 3.896797556874823
3.812470239292882 3.7653717195702847
4.566937096390122 4.5755362391896925
-3.7171690535757103 3.597257447243889
3.73870947687851 4.420461917157982
4.6122754271665745 4.412806180556435
-4.045395896620875 4.312937563025919
-3.7834179033283073 3.6305765150889515
0.3558630667031914 0.8892598147521333
-4.025537700407734 3.8060188623191515
0.11312568781100864 -0.03966077145452004
0.34379226851642547 -0.6506540278925284
3.8932483148499655 5.166364265046266
0.5674510041282049 -0.36537924562960317
-1.0894514965346258 -0.19419632597590292
3.842289231305929 2.7125440457163865
4.465838630993955 4.764210799727422
4.002063280755307 4.403413528649758
4.073335653240173 4.421328709397072
4.736203801250815 4.62302115781062
-3.873846836456606 3.8208379392498943
-0.09980513570195891 0.36360389609302485
-4.182331899175113 4.151727582430782
3.6450205730041993 3.4565140217664205
-4.004572210930241 3.9393391836289395
0.6199616613120308 0.09939019332501288
4.946368993125797 3.798118902537998
-0.4124611172272016 -0.4337081622869153
0.09369842904470804 -0.618654154899471
0.48676911775840015 0.5721975918873616
0.1183603888821084 0.21424399067244126
-4.085228781391686 4.185489213440357
-4.226809441980026 3.674387333996225
-0.005321438972316131 0.6318649154378848
-4.200978690656213 3.590615560599775
-4.183196073706063 3.4639787985483546
-3.9048395209339675 4.1630445921561545
-0.20711864353630446 -0.1299603312947397
5.012811620355222 3.823744572765829
-4.411274342788341 3.8048790327806756
0.20883108345940607 0.5264002407072379
-3.8039315477430233 4.04370134027035
0.05618943779186016 0.04333720336541059
3.9567754228105576 5.109479892415656
-0.22655297007451963 -0.20693986136957576
0.2288504539519855 0.5606387751819699
0.08295341056999274 -0.3464618536029181
-3.8306764875714596 3.7842302064276967
3.989308896405556 4.081540463081507
-3.9859017420835086 4.259791024408618
-4.331163479221826 4.069680241574698
3.717892451940585 3.0497865175794145
0.16893822037267983 -0.15740103258122873
-0.6255589178793616 0.10621590456761844
-3.8704146550297964 3.8786884951991993
-4.3119535239371105 4.3229604613650014
0.10677464798693259 0.31556784372191515
-4.213939313986583 3.5871171571682763
-0.13742640068008297 0.13942899738200842
-4.356417377462481 3.940969373680613
3.7617930217180615 3.639811059883009
-3.816645163572318 3.9881673005865466
0.5422621818660412 0.2609386386476196
4.030443785790832 4.506468637610504
-4.155176653501553 4.198111250385664
-4.115713313396674 3.7236343883627927
-3.8299130371067367 3.8857565116262442
3.5978504467656975 3.746552603661791
-0.3216466495556117 -0.5362390829366612
3.9160332356096794 5.053808617639424
3.7863488516198123 3.6209348285202605
-0.21565494885665282 1.1987291563186737
-4.1413915989054715 3.8914448771119545
-0.07626123080113999 0.12009190955056374
4.733046224525176 4.059736659245424
3.7596949496372924 3.3524150595036835
-0.27869258878058145 -0.42473061043754357
0.14280443777529428 0.4941238862278756
3.4998565032470466 3.0304057173112544
4.317067764137621 3.885783605934526
0.2790792298496593 0.40073274309703116
4.228439468914785 3.3198463454625298
-0.17977627106147626 0.9290111401117949
4.251635156258647 3.4681337329688895
0.3393637138197479 -0.392147212570918
-3.4559589665351 4.300930722132304
4.207935261318667 3.7361528256086807
-0.055987880364366305 -0.40395168748587257
-3.7476615884685476 4.239757443980151
0.18727572681623597 -0.29887972748824954
-3.886282089666463 3.184168475028417
-4.123735456655981 4.609264701359363
0.09492245909488252 0.8583061816080868
4.439636325204416 3.5423033446855126
3.3941537531301034 3.696737654205649
-4.0856726012386995 3.8692601613141537
-4.015206707047604 4.185263796618171
0.09064656294370727 0.14814416964370833
-0.6276349963936688 0.45566814761113045
3.7129709506492508 4.2180723358522645
-4.311926073968381 4.206487043213841
4.430885294045853 4.955436689957384
-3.6271678864605548 4.020864161943275
0.3350430102119887 0.3727114660407293
0.902272515954898 0.5020488825159781
-4.051088632840775 3.6724229476412775
-0.02115718813091369 -0.23537741672315127
4.435833201925251 3.899233190779463
3.299849247963971 4.23912131925121
-4.646701938275515 4.284445203153455
4.629116342197808 3.885656032254992
-3.713631069185625 3.784013215977173
2.595196380039213 4.108797359309826
-3.6986606770111368 4.176218876380402
3.701132978634183 3.2689490237133043
-0.2122511250862447 -0.5111564061394593
0.01911248836929238 0.6231474100576289
-4.105616226899339 4.834860960065727
4.026613274731978 3.0553072997952033
0.695070076025596 -0.09073537419026581
4.702108777696706 3.519941970370032
-3.936365781523401 4.233627149405575
-0.8140142009877145 -0.3269875553894835
2.29803614672238 3.7678829005870305
3.363298149231505 4.95107526403113
3.46044963815363 2.928967607599723
3.7821603495038563 3.8535216760514603
-3.8595281141085636 3.5990506412717527
0.5990790908901762 0.9510098386906887
3.869015925367081 4.2527563338560945
-4.338032347609416 4.493446992282859
-4.415589193656201 3.7952444032351096
0.3482164973296181 0.31851391424717024
-4.667103635343566 4.192119443275507
-4.315393743707653 3.7599635776866918
-3.8944015501243556 3.580736158572554
-0.08184613895263734 -0.8704821543515977
0.0223783519837885 -0.18834947343013853
-3.5377499220132176 3.168920920217391
3.480768297396165 4.012342972861561
-0.6410878242014574 -0.28445031885292604
4.379314354841775 4.436406144385737
3.9294419103664135 4.7021429650384645
4.454433498984945 3.6860640026148896
3.200691181081082 4.27372820215488
-3.9094432010971985 4.004180155905141
-3.8501395648572325 4.229214397843129
-0.502168517759563 0.550379296945027
3.8652281698757895 5.010377180903169
3.242247003263108 3.901565584612239
4.5275016597316196 3.8815212534318166
3.994591521133503 4.275631966057968
-0.5357680151024826 -0.11513357287130517
-0.11322735878728674 0.7073712433251764
0.057148562303994344 -0.5991514358842248
2.84565553769938 4.206372856683776
4.628991984001825 3.8349709374572574
3.98624159888408 4.8766046149717495
-3.652094668527357 3.665660020167716
-0.13287837898593793 -0.41608435781889824
-0.24317093469532755 -0.6363780499533638
-4.263575500662131 3.6976345579599785
-0.6917965165581322 0.12112794994538974
3.789603657840067 4.2372515464486415
3.840820830077166 4.21146917922443
-0.2193317672211123 -0.6466608076783272
-4.055480505222672 4.3308722590724305
3.7655501945676897 3.774641435131182
-0.5305097171564187 0.13660389039848758
3.508609518551829 4.229639472836431
3.786827564191359 3.5991393470982507
3.655651717619076 3.650685604821311
4.865787947131943 4.314470721489863
-3.3373136954557108 3.190360036555648
-3.804917776425097 4.269404701580726
-0.11264968012529177 0.8593045689017834
4.6850632438118325 4.186909408838756
3.3156505282746758 3.904496544730535
-4.121643930033816 3.810014083092543
3.9660421392995175 3.9839382650397335
-0.17479348227806213 0.19956488072819262
1.1132067975214435 0.05692271811469484
3.6911577150572756 3.950395552874406
0.34438338194512846 -0.26932703628172777
-3.6815835381659405 4.5946321859394414
-4.284051678205269 3.510100650958836
-0.1443716675526321 -0.02561144502987182
4.078275447431487 3.685245374698602
4.007305466565682 3.6070221113804877
-0.018679982132547346 0.8074990281891375
3.6319940626925327 2.5675679241757416
3.898994510282815 4.125466690827784
4.702913223319724 3.910967682791936
-0.40482990254050844 0.1448546004972101
-0.5413512514323171 -0.7347266572389315
3.573835701857414 3.44499529862644
4.372215114950308 3.827188898544826
3.1910939643816834 3.798789554058105
-0.13027852146315605 -1.0376614083737892
-3.5067081813409846 3.747030867838139
0.26818750956201964 0.24970463125261286
3.5474194743199368 3.2735121930141884
4.095745170713436 4.019008731684145
0.5982320971588916 -0.2583396621048311
-0.35859236928553023 0.5381846063725076
-4.41233043815873 3.861758522388387
-4.205796622915433 3.7758383182960196
-4.372555931358296 4.391911672505801
-0.055137146732022586 -0.9152245254947367
-3.712251840841186 3.7202116346966196
0.010578259625636712 0.10916376710859463
-4.49609024498204 4.341083080777348
3.392507988567427 4.061226212801677
-0.062224706022900346 0.4861375489661457
4.255328217348853 4.242317944387198
-4.041845786147718 4.112741130334899
3.58952544899808 3.903127728168682
-0.7392561878200596 -0.24265113287283988
0.23651680690157892 0.061104534445931766
-4.348704879218639 3.8275957933998157
3.96854690478455 4.1824386115054795
-4.437978808264888 4.55080019045073
-3.674440600238911 4.080908597544358
-4.651719702040474 4.237520186785752
2.905210082523471 4.277534050964635
3.90466803868466 5.09819849120926
3.495316184381358 3.721225671698903
-4.242748605870581 3.6961497996636448
3.728070422069419 3.8503513203228334
4.660444064208431 3.9189051368654937
-4.056609515672952 3.7359977678823815
-4.113269030062538 3.912184265320343
3.928509915136952 4.069442339457111
-0.15388818796148615 -0.3591426045792354
-4.231175968966423 3.9808257501211237
-3.7226314505825497 3.957682183779697
-0.6259664308720267 -0.30623342670341935
-0.07801523574411302 0.41828023890309995
-4.387818120958026 4.15729706306754
4.11921945465158 4.61063624058224
0.5333364026928944 -0.79291715232008
-4.576885094758473 4.140323254623504
0.32177365367330246 0.060636323036215564
3.8686749009176675 4.799915362460145
3.199462779594751 2.275222603537178
